177|1396284550490|7|50691|619458|-1134434|4107|201
178|1396284552116|7|50691|619458|-1134434|4107|201
179|1396284553376|7|50691|619458|-1134434|4107|201
180|1396284554058|7|50691|619458|-1134434|4107|201
181|1396284556110|7|50691|619458|-1134434|4107|201
182|1396284556259|7|50691|619458|-1134434|4107|201
183|1396284557080|7|50691|619458|-1134434|4107|201
184|1396284558068|7|50691|619458|-1134434|4107|201
185|1396284559061|7|50691|619458|-1134434|4107|201
186|1396284560121|7|50691|619458|-1134434|4107|201
187|1396284561122|7|50691|619458|-1134434|4107|201
188|1396284562089|7|50691|619458|-1134434|4107|201
189|1396284563009|7|50691|619458|-1134434|4107|201
190|1396284564025|7|50691|619458|-1134434|4107|201
191|1396284565086|7|50691|619458|-1134434|4107|201
192|1396284566090|7|50691|619458|-1134434|4107|201
193|1396284567011|7|50691|619458|-1134434|4107|201
194|1396284568049|7|50691|619458|-1134434|4107|201
195|1396284569058|7|50691|619458|-1134434|4107|201
196|1396284570161|7|50691|619458|-1134434|4107|201
197|1396284571045|7|50691|619458|-1134434|4107|201
198|1396284572126|7|50691|619458|-1134434|4107|201
199|1396284573041|7|50691|619458|-1134434|4107|201
200|1396284574092|7|50691|619458|-1134434|4107|201
201|1396284575096|7|50691|619458|-1134434|4107|201
202|1396284576088|7|50691|619458|-1134434|4107|201
203|1396284577025|7|50691|619458|-1134434|4107|201
204|1396284578070|7|50691|619458|-1134434|4107|201
205|1396284579075|7|50691|619458|-1134434|4107|201
206|1396284580072|7|50691|619458|-1134434|4107|201
207|1396284581167|7|50691|619458|-1134434|4107|201
208|1396284582068|7|50691|619458|-1134434|4107|201
209|1396284583071|7|50691|619458|-1134434|4107|201
210|1396284584111|7|50691|619458|-1134434|4107|201
211|1396284585066|7|50691|619458|-1134434|4107|201
212|1396284586043|7|50691|619458|-1134434|4107|201
213|1396284587058|7|50691|619458|-1134434|4107|201
214|1396284588094|7|50691|619458|-1134434|4107|201
215|1396284589077|7|50691|619458|-1134434|4107|201
216|1396284590176|7|50691|619458|-1134434|4107|201
217|1396284591081|7|50691|619458|-1134434|4107|201
218|1396284592090|7|50691|619458|-1134434|4107|201
219|1396284594393|7|50691|619458|-1134434|4107|201
220|1396284594585|7|50691|619458|-1134434|4107|201
221|1396284595038|7|50691|619458|-1134434|4107|201
222|1396284596136|7|50691|619458|-1134434|4107|201
223|1396284597010|7|50691|619458|-1134434|4107|201
224|1396284598076|7|50691|619458|-1134434|4107|201
225|1396284599042|7|50691|619458|-1134434|4107|201
226|1396284600083|7|50691|619458|-1134434|4107|201
227|1396284601109|7|50691|619458|-1134434|4107|201
228|1396284602108|7|50691|619458|-1134434|4107|201
229|1396284603074|7|50691|619458|-1134434|4107|201
230|1396284604052|7|50691|619458|-1134434|4107|201
231|1396284605053|7|50691|619458|-1134434|4107|201
232|1396284606021|7|50691|619458|-1134434|4107|201
233|1396284607055|7|50691|619458|-1134434|4107|201
234|1396284608065|7|50691|619458|-1134434|4107|201
235|1396284609090|7|50691|619458|-1134434|4107|201
236|1396284610049|7|50691|619458|-1134434|4107|201
237|1396284611101|7|50691|619458|-1134434|4107|201
238|1396284612044|7|50691|619458|-1134434|4107|201
239|1396284613078|7|50691|619458|-1134434|4107|201
240|1396284614197|7|50691|619458|-1134434|4107|201
241|1396284615080|7|50691|619458|-1134434|4107|201
242|1396284616072|7|50691|619458|-1134434|4107|201
243|1396284617158|7|50691|619458|-1134434|4107|201
244|1396284618174|7|50691|619458|-1134434|4107|201
245|1396284619089|7|50691|619458|-1134434|4107|201
246|1396284620141|7|50691|619458|-1134434|4107|201
247|1396284621084|7|50691|619458|-1134434|4107|201
248|1396284622122|7|50691|619458|-1134434|4107|201
249|1396284623076|7|50691|619458|-1134434|4107|201
250|1396284624038|7|50691|619458|-1134434|4107|201
251|1396284625187|7|50691|619458|-1134434|4107|201
252|1396284626163|7|50691|619458|-1134434|4107|201
253|1396284627335|7|50691|619458|-1134434|4107|201
254|1396284628078|7|50691|619458|-1134434|4107|201
255|1396284629084|7|50691|619458|-1134434|4107|201
256|1396284630094|7|50691|619458|-1134434|4107|201
257|1396284631075|7|50691|619458|-1134434|4107|201
258|1396284632930|7|50691|619458|-1134434|4107|201
259|1396284633071|7|50691|619458|-1134434|4107|201
260|1396284634084|7|50691|619458|-1134434|4107|201
261|1396284635101|7|50691|619458|-1134434|4107|201
262|1396284636051|7|50691|619458|-1134434|4107|201
263|1396284637039|7|50691|619458|-1134434|4107|201
264|1396284638146|7|50691|619458|-1134434|4107|201
265|1396284639090|7|50691|619458|-1134434|4107|201
266|1396284640109|7|50691|619458|-1134434|4107|201
267|1396284641079|7|50691|619458|-1134434|4107|201
268|1396284642115|7|50691|619458|-1134434|4107|201
269|1396284643034|7|50691|619458|-1134434|4107|201
270|1396284644100|7|50691|619458|-1134434|4107|201
271|1396284645087|7|50691|619458|-1134434|4107|201
272|1396284646051|7|50691|619458|-1134434|4107|201
273|1396284647146|7|50691|619458|-1134434|4107|201
