185|2014-03-31 12:49:10|7|1396284551000|-78.7864405754954|43.0018776655197|1|166.0|1|0.125|1|0.0|1|15.0|{"satellites":7}|gps|onLocationChanged|-1
186|2014-03-31 12:49:10|7|1396284551000|-78.7864405754954|43.0018776655197|1|166.0|1|0.125|1|0.0|1|15.0|{"satellites":7}|gps|onStatusChanged|1
187|2014-03-31 12:49:11|7|1396284553000|-78.7864799704403|43.0018597701564|1|177.0|1|0.4375|1|0.0|1|15.0|{"satellites":7}|gps|onLocationChanged|-1
188|2014-03-31 12:49:12|7|1396284553000|-78.7864799704403|43.0018597701564|1|177.0|1|0.4375|1|0.0|1|15.0|{"satellites":7}|gps|onStatusChanged|2
189|2014-03-31 12:49:13|7|1396284554000|-78.7864466942847|43.0018358817324|1|179.0|1|0.9375|1|31.0499992370605|1|15.0|{"satellites":7}|gps|onLocationChanged|-1
190|2014-03-31 12:49:14|7|1396284555000|-78.7863994203508|43.0018013482913|1|190.0|1|1.1875|1|68.5999984741211|1|10.0|{"satellites":7}|gps|onLocationChanged|-1
191|2014-03-31 12:49:15|7|1396284556000|-78.7863824050874|43.0017853807658|1|193.0|1|1.3125|1|92.4100036621094|1|10.0|{"satellites":7}|gps|onLocationChanged|-1
192|2014-03-31 12:49:16|7|1396284557000|-78.7863615341485|43.0017720116302|1|195.0|1|1.25|1|101.879997253418|1|10.0|{"satellites":7}|gps|onLocationChanged|-1
193|2014-03-31 12:49:16|7|1396284558000|-78.7863446865231|43.0017663538456|1|196.0|1|1.3125|1|101.889999389648|1|10.0|{"satellites":7}|gps|onLocationChanged|-1
194|2014-03-31 12:49:17|7|1396284559000|-78.7863236479461|43.0017665214837|1|196.0|1|1.4375|1|98.6500015258789|1|5.0|{"satellites":8}|gps|onLocationChanged|-1
195|2014-03-31 12:49:18|7|1396284559000|-78.7863236479461|43.0017665214837|1|196.0|1|1.4375|1|98.6500015258789|1|5.0|{"satellites":8}|gps|onStatusChanged|2
196|2014-03-31 12:49:18|7|1396284560000|-78.7863014359027|43.0017628334463|1|196.0|1|1.4375|1|99.1800003051758|1|5.0|{"satellites":8}|gps|onLocationChanged|-1
197|2014-03-31 12:49:20|7|1396284561000|-78.7862726021558|43.001756714657|1|197.0|1|1.3125|1|99.2099990844727|1|5.0|{"satellites":8}|gps|onLocationChanged|-1
198|2014-03-31 12:49:21|7|1396284562000|-78.7862462829798|43.0017576366663|1|198.0|1|1.3125|1|101.510002136231|1|5.0|{"satellites":8}|gps|onLocationChanged|-1
199|2014-03-31 12:49:22|7|1396284563000|-78.7862257473171|43.0017576785758|1|197.0|1|1.375|1|104.910003662109|1|5.0|{"satellites":8}|gps|onLocationChanged|-1
200|2014-03-31 12:49:22|7|1396284564000|-78.7862104084343|43.0017532780767|1|196.0|1|1.25|1|104.910003662109|1|5.0|{"satellites":8}|gps|onLocationChanged|-1
201|2014-03-31 12:49:23|7|1396284565000|-78.7861972488463|43.0017504701391|1|196.0|1|1.125|1|104.040000915527|1|5.0|{"satellites":8}|gps|onLocationChanged|-1
202|2014-03-31 12:49:24|7|1396284566000|-78.7861826643348|43.0017515597865|1|196.0|1|1.1875|1|99.9499969482422|1|5.0|{"satellites":8}|gps|onLocationChanged|-1
203|2014-03-31 12:49:26|7|1396284567000|-78.7861701752991|43.0017531523481|1|195.0|1|1.125|1|97.0299987792969|1|5.0|{"satellites":8}|gps|onLocationChanged|-1
204|2014-03-31 12:49:26|7|1396284568000|-78.7861580215395|43.0017539486289|1|194.0|1|1.1875|1|90.25|1|5.0|{"satellites":8}|gps|onLocationChanged|-1
205|2014-03-31 12:49:27|7|1396284569000|-78.7861417606473|43.0017542419955|1|194.0|1|1.3125|1|91.1399993896484|1|5.0|{"satellites":8}|gps|onLocationChanged|-1
206|2014-03-31 12:49:28|7|1396284570000|-78.7861247453839|43.0017547868192|1|193.0|1|1.1875|1|89.620002746582|1|5.0|{"satellites":8}|gps|onLocationChanged|-1
207|2014-03-31 12:49:30|7|1396284571000|-78.7861105799675|43.0017557926476|1|193.0|1|1.0|1|93.6399993896484|1|5.0|{"satellites":8}|gps|onLocationChanged|-1
208|2014-03-31 12:49:30|7|1396284572000|-78.7860951572657|43.0017553735524|1|192.0|1|1.25|1|97.1399993896485|1|5.0|{"satellites":8}|gps|onLocationChanged|-1
209|2014-03-31 12:49:32|7|1396284573000|-78.7860791478306|43.0017553316429|1|192.0|1|1.1875|1|95.7600021362305|1|5.0|{"satellites":8}|gps|onLocationChanged|-1
210|2014-03-31 12:49:32|7|1396284574000|-78.7860630545765|43.0017549963668|1|191.0|1|1.1875|1|94.8000030517578|1|5.0|{"satellites":8}|gps|onLocationChanged|-1
211|2014-03-31 12:49:34|7|1396284575000|-78.7860462069511|43.0017576785758|1|191.0|1|1.125|1|90.8899993896485|1|5.0|{"satellites":8}|gps|onLocationChanged|-1
212|2014-03-31 12:49:34|7|1396284576000|-78.7860290240496|43.0017604026943|1|191.0|1|0.9375|1|90.2399978637695|1|5.0|{"satellites":8}|gps|onLocationChanged|-1
213|2014-03-31 12:49:35|7|1396284577000|-78.7860125117004|43.0017620371655|1|191.0|1|1.125|1|91.1699981689453|1|5.0|{"satellites":8}|gps|onLocationChanged|-1
214|2014-03-31 12:49:36|7|1396284578000|-78.7859960831702|43.0017631687224|1|191.0|1|1.1875|1|92.3499984741211|1|5.0|{"satellites":8}|gps|onLocationChanged|-1
215|2014-03-31 12:49:38|7|1396284579000|-78.7859788164496|43.0017625400797|1|191.0|1|1.0|1|91.7200012207031|1|5.0|{"satellites":8}|gps|onLocationChanged|-1
216|2014-03-31 12:49:39|7|1396284580000|-78.7859618011862|43.0017599835992|1|191.0|1|1.0625|1|90.9499969482422|1|5.0|{"satellites":8}|gps|onLocationChanged|-1
217|2014-03-31 12:49:39|7|1396284581000|-78.785948054865|43.0017591034994|1|191.0|1|1.0625|1|93.629997253418|1|5.0|{"satellites":8}|gps|onLocationChanged|-1
218|2014-03-31 12:49:40|7|1396284582000|-78.7859328836203|43.001756966114|1|191.0|1|1.125|1|96.1100006103516|1|5.0|{"satellites":8}|gps|onLocationChanged|-1
219|2014-03-31 12:49:41|7|1396284583000|-78.785918885842|43.0017550382763|1|191.0|1|1.125|1|98.4199981689453|1|5.0|{"satellites":8}|gps|onLocationChanged|-1
220|2014-03-31 12:49:43|7|1396284584000|-78.7859020382166|43.0017538648099|1|191.0|1|1.1875|1|95.7799987792969|1|5.0|{"satellites":8}|gps|onLocationChanged|-1
221|2014-03-31 12:49:44|7|1396284585000|-78.7858843524009|43.0017533199862|1|191.0|1|1.125|1|95.2399978637695|1|5.0|{"satellites":8}|gps|onLocationChanged|-1
222|2014-03-31 12:49:44|7|1396284586000|-78.7858680915087|43.0017519369721|1|191.0|1|1.0625|1|94.8300018310547|1|5.0|{"satellites":8}|gps|onLocationChanged|-1
223|2014-03-31 12:49:46|7|1396284587000|-78.7858512438834|43.0017505120486|1|191.0|1|1.125|1|96.870002746582|1|5.0|{"satellites":8}|gps|onLocationChanged|-1
224|2014-03-31 12:49:46|7|1396284588000|-78.785834480077|43.0017491290346|1|191.0|1|1.125|1|101.269996643066|1|5.0|{"satellites":8}|gps|onLocationChanged|-1
225|2014-03-31 12:49:47|7|1396284589000|-78.785821152851|43.001747536473|1|191.0|1|0.9375|1|102.730003356934|1|5.0|{"satellites":8}|gps|onLocationChanged|-1
226|2014-03-31 12:49:48|7|1396284590000|-78.7858063168824|43.0017445189878|1|191.0|1|1.125|1|106.400001525879|1|5.0|{"satellites":8}|gps|onLocationChanged|-1
227|2014-03-31 12:49:50|7|1396284591000|-78.7857915647328|43.0017411662266|1|191.0|1|1.1875|1|110.809997558594|1|5.0|{"satellites":8}|gps|onLocationChanged|-1
228|2014-03-31 12:49:50|7|1396284592000|-78.78577622585|43.0017367657274|1|191.0|1|1.1875|1|111.319999694824|1|5.0|{"satellites":8}|gps|onLocationChanged|-1
229|2014-03-31 12:49:51|7|1396284593000|-78.785763150081|43.0017324909568|1|191.0|1|1.125|1|113.330001831055|1|5.0|{"satellites":8}|gps|onLocationChanged|-1
230|2014-03-31 12:49:53|7|1396284594000|-78.7857513315976|43.0017280485481|1|190.0|1|1.125|1|113.75|1|5.0|{"satellites":8}|gps|onLocationChanged|-1
231|2014-03-31 12:49:54|7|1396284595000|-78.785742027685|43.0017232289538|1|190.0|1|1.125|1|113.900001525879|1|5.0|{"satellites":8}|gps|onLocationChanged|-1
232|2014-03-31 12:49:54|7|1396284596000|-78.7857303768396|43.0017184931785|1|190.0|1|1.1875|1|114.580001831055|1|5.0|{"satellites":8}|gps|onLocationChanged|-1
233|2014-03-31 12:49:56|7|1396284597000|-78.7857198994607|43.0017130868509|1|189.0|1|1.25|1|115.029998779297|1|5.0|{"satellites":8}|gps|onLocationChanged|-1
234|2014-03-31 12:49:56|7|1396284598000|-78.7857085838914|43.0017075967044|1|189.0|1|1.25|1|114.800003051758|1|5.0|{"satellites":8}|gps|onLocationChanged|-1
235|2014-03-31 12:49:57|7|1396284599000|-78.7857018783689|43.0017015617341|1|188.0|1|1.1875|1|116.160003662109|1|5.0|{"satellites":8}|gps|onLocationChanged|-1
236|2014-03-31 12:49:58|7|1396284600000|-78.7856939993799|43.0016959039494|1|188.0|1|1.25|1|116.379997253418|1|5.0|{"satellites":8}|gps|onLocationChanged|-1
237|2014-03-31 12:49:59|7|1396284601000|-78.7856834381819|43.001690832898|1|187.0|1|1.1875|1|116.440002441406|1|5.0|{"satellites":8}|gps|onLocationChanged|-1
238|2014-03-31 12:50:00|7|1396284602000|-78.7856727931649|43.0016865162179|1|187.0|1|1.0|1|117.650001525879|1|5.0|{"satellites":8}|gps|onLocationChanged|-1
239|2014-03-31 12:50:02|7|1396284603000|-78.7856606394053|43.0016822414473|1|187.0|1|1.0625|1|120.23999786377|1|5.0|{"satellites":8}|gps|onLocationChanged|-1
240|2014-03-31 12:50:02|7|1396284604000|-78.785652089864|43.0016775475815|1|187.0|1|1.125|1|120.98999786377|1|5.0|{"satellites":8}|gps|onLocationChanged|-1
241|2014-03-31 12:50:03|7|1396284605000|-78.7856432888657|43.0016713030636|1|186.0|1|1.1875|1|122.309997558594|1|5.0|{"satellites":8}|gps|onLocationChanged|-1
242|2014-03-31 12:50:04|7|1396284606000|-78.7856357451528|43.0016648489982|1|186.0|1|1.125|1|121.410003662109|1|5.0|{"satellites":8}|gps|onLocationChanged|-1
243|2014-03-31 12:50:05|7|1396284607000|-78.7856290396303|43.0016582692042|1|186.0|1|0.9375|1|121.910003662109|1|5.0|{"satellites":8}|gps|onLocationChanged|-1
244|2014-03-31 12:50:06|7|1396284608000|-78.7856190651655|43.0016531562433|1|186.0|1|1.0625|1|118.769996643066|1|5.0|{"satellites":8}|gps|onLocationChanged|-1
245|2014-03-31 12:50:08|7|1396284609000|-78.7856081686914|43.0016466183588|1|187.0|1|1.125|1|122.730003356934|1|5.0|{"satellites":8}|gps|onLocationChanged|-1
246|2014-03-31 12:50:08|7|1396284610000|-78.7855999544263|43.0016381107271|1|187.0|1|1.0|1|127.069999694824|1|5.0|{"satellites":8}|gps|onLocationChanged|-1
247|2014-03-31 12:50:09|7|1396284611000|-78.7855926621705|43.0016314471141|1|187.0|1|0.9375|1|126.569999694824|1|5.0|{"satellites":8}|gps|onLocationChanged|-1
248|2014-03-31 12:50:11|7|1396284612000|-78.7855839449912|43.0016253702343|1|187.0|1|1.0625|1|124.660003662109|1|5.0|{"satellites":8}|gps|onLocationChanged|-1
249|2014-03-31 12:50:11|7|1396284613000|-78.7855761498213|43.0016186228022|1|187.0|1|0.875|1|128.949996948242|1|5.0|{"satellites":7}|gps|onLocationChanged|-1
250|2014-03-31 12:50:12|7|1396284613000|-78.7855761498213|43.0016186228022|1|187.0|1|0.875|1|128.949996948242|1|5.0|{"satellites":7}|gps|onStatusChanged|2
251|2014-03-31 12:50:13|7|1396284614000|-78.785572629422|43.0016122106463|1|187.0|1|0.6875|1|131.490005493164|1|5.0|{"satellites":7}|gps|onLocationChanged|-1
252|2014-03-31 12:50:14|7|1396284615000|-78.7855691928417|43.0016079358757|1|188.0|1|0.5|1|131.490005493164|1|5.0|{"satellites":7}|gps|onLocationChanged|-1
253|2014-03-31 12:50:14|7|1396284616000|-78.7855667620897|43.001604876481|1|188.0|1|0.25|1|131.490005493164|1|5.0|{"satellites":7}|gps|onLocationChanged|-1
254|2014-03-31 12:50:16|7|1396284617000|-78.7855684384704|43.0016040382907|1|188.0|1|0.0|1|131.490005493164|1|5.0|{"satellites":8}|gps|onLocationChanged|-1
255|2014-03-31 12:50:16|7|1396284617000|-78.7855684384704|43.0016040382907|1|188.0|1|0.0|1|131.490005493164|1|5.0|{"satellites":8}|gps|onStatusChanged|2
256|2014-03-31 12:50:17|7|1396284618000|-78.7855718750507|43.0016063433141|1|188.0|1|0.375|1|131.490005493164|1|5.0|{"satellites":8}|gps|onLocationChanged|-1
257|2014-03-31 12:50:18|7|1396284619000|-78.7855789158493|43.001610073261|1|188.0|1|0.5625|1|72.2099990844727|1|5.0|{"satellites":8}|gps|onLocationChanged|-1
258|2014-03-31 12:50:18|7|1396284620000|-78.785588638857|43.0016140127555|1|187.0|1|0.6875|1|3.61999988555908|1|5.0|{"satellites":8}|gps|onLocationChanged|-1
259|2014-03-31 12:50:20|7|1396284621000|-78.7856015469879|43.0016158567742|1|187.0|1|0.625|1|347.640014648438|1|5.0|{"satellites":8}|gps|onLocationChanged|-1
260|2014-03-31 12:50:21|7|1396284622000|-78.7856154609472|43.001618119888|1|187.0|1|0.6875|1|335.100006103516|1|5.0|{"satellites":8}|gps|onLocationChanged|-1
261|2014-03-31 12:50:22|7|1396284623000|-78.7856295425445|43.0016203410924|1|187.0|1|0.5625|1|335.100006103516|1|5.0|{"satellites":8}|gps|onLocationChanged|-1
262|2014-03-31 12:50:23|7|1396284624000|-78.7856425344944|43.0016231071204|1|187.0|1|0.5625|1|330.779998779297|1|5.0|{"satellites":8}|gps|onLocationChanged|-1
263|2014-03-31 12:50:23|7|1396284625000|-78.7856555264443|43.001627381891|1|187.0|1|0.75|1|321.170013427734|1|5.0|{"satellites":8}|gps|onLocationChanged|-1
264|2014-03-31 12:50:25|7|1396284626000|-78.7856675125659|43.0016303993762|1|187.0|1|0.625|1|314.510009765625|1|5.0|{"satellites":8}|gps|onLocationChanged|-1
265|2014-03-31 12:50:26|7|1396284627000|-78.785683857277|43.0016350094229|1|187.0|1|0.8125|1|303.519989013672|1|5.0|{"satellites":8}|gps|onLocationChanged|-1
266|2014-03-31 12:50:27|7|1396284628000|-78.7856979388744|43.0016385298222|1|187.0|1|0.8125|1|301.0|1|5.0|{"satellites":8}|gps|onLocationChanged|-1
267|2014-03-31 12:50:28|7|1396284629000|-78.7857115175575|43.0016413796693|1|187.0|1|0.75|1|297.630004882813|1|5.0|{"satellites":8}|gps|onLocationChanged|-1
268|2014-03-31 12:50:29|7|1396284630000|-78.7857248447835|43.0016428465024|1|187.0|1|0.5|1|297.630004882813|1|5.0|{"satellites":8}|gps|onLocationChanged|-1
269|2014-03-31 12:50:30|7|1396284631000|-78.7857435364276|43.0016431817785|1|188.0|1|0.5625|1|304.959991455078|1|5.0|{"satellites":8}|gps|onLocationChanged|-1
270|2014-03-31 12:50:31|7|1396284632000|-78.7857476435602|43.0016500968486|1|188.0|1|0.875|1|326.019989013672|1|5.0|{"satellites":8}|gps|onLocationChanged|-1
271|2014-03-31 12:50:32|7|1396284633000|-78.7857458833605|43.0016585625708|1|188.0|1|1.0|1|0.529999971389771|1|5.0|{"satellites":8}|gps|onLocationChanged|-1
272|2014-03-31 12:50:33|7|1396284634000|-78.7857431173325|43.0016680760309|1|187.0|1|1.0|1|30.8099994659424|1|5.0|{"satellites":7}|gps|onLocationChanged|-1
273|2014-03-31 12:50:33|7|1396284634000|-78.7857431173325|43.0016680760309|1|187.0|1|1.0|1|30.8099994659424|1|5.0|{"satellites":7}|gps|onStatusChanged|2
274|2014-03-31 12:50:34|7|1396284635000|-78.7857426144183|43.0016796430573|1|186.0|1|1.0|1|38.5699996948242|1|5.0|{"satellites":7}|gps|onLocationChanged|-1
275|2014-03-31 12:50:34|7|1396284636000|-78.785744542256|43.0016921740025|1|184.0|1|0.9375|1|43.689998626709|1|5.0|{"satellites":8}|gps|onLocationChanged|-1
276|2014-03-31 12:50:35|7|1396284636000|-78.785744542256|43.0016921740025|1|184.0|1|0.9375|1|43.689998626709|1|5.0|{"satellites":8}|gps|onStatusChanged|2
277|2014-03-31 12:50:35|7|1396284637000|-78.785744458437|43.0017047468573|1|183.0|1|1.0|1|54.4900016784668|1|5.0|{"satellites":8}|gps|onLocationChanged|-1
278|2014-03-31 12:50:36|7|1396284638000|-78.7857413571328|43.001717235893|1|181.0|1|0.9375|1|58.0|1|5.0|{"satellites":7}|gps|onLocationChanged|-1
279|2014-03-31 12:50:37|7|1396284638000|-78.7857413571328|43.001717235893|1|181.0|1|0.9375|1|58.0|1|5.0|{"satellites":7}|gps|onStatusChanged|2
280|2014-03-31 12:50:38|7|1396284639000|-78.7857359088957|43.0017271684483|1|180.0|1|0.9375|1|62.0900001525879|1|5.0|{"satellites":7}|gps|onLocationChanged|-1
281|2014-03-31 12:50:38|7|1396284640000|-78.7857271917164|43.0017346283421|1|179.0|1|0.9375|1|65.4899978637695|1|5.0|{"satellites":7}|gps|onLocationChanged|-1
282|2014-03-31 12:50:39|7|1396284641000|-78.7857193127275|43.0017420463264|1|178.0|1|0.625|1|63.1800003051758|1|5.0|{"satellites":7}|gps|onLocationChanged|-1
283|2014-03-31 12:50:41|7|1396284642000|-78.7857124395669|43.0017451895401|1|178.0|1|0.1875|1|63.1800003051758|1|5.0|{"satellites":8}|gps|onLocationChanged|-1
284|2014-03-31 12:50:41|7|1396284642000|-78.7857124395669|43.0017451895401|1|178.0|1|0.1875|1|63.1800003051758|1|5.0|{"satellites":8}|gps|onStatusChanged|2
285|2014-03-31 12:50:42|7|1396284643000|-78.7857135292143|43.0017480393872|1|178.0|1|0.3125|1|63.1800003051758|1|5.0|{"satellites":8}|gps|onLocationChanged|-1
286|2014-03-31 12:50:42|7|1396284644000|-78.7857179716229|43.0017507215962|1|177.0|1|0.4375|1|63.1800003051758|1|5.0|{"satellites":8}|gps|onLocationChanged|-1
287|2014-03-31 12:50:44|7|1396284645000|-78.7857263535261|43.001752817072|1|177.0|1|0.625|1|338.209991455078|1|5.0|{"satellites":8}|gps|onLocationChanged|-1
288|2014-03-31 12:50:45|7|1396284646000|-78.7857353221625|43.0017547449097|1|177.0|1|0.5625|1|338.209991455078|1|5.0|{"satellites":8}|gps|onLocationChanged|-1
289|2014-03-31 12:50:45|7|1396284647000|-78.7857426144183|43.001755415462|1|177.0|1|0.3125|1|338.209991455078|1|5.0|{"satellites":8}|gps|onLocationChanged|-1
290|2014-03-31 12:50:46|7|1396284648000|-78.7857423629612|43.001755499281|1|177.0|1|0.0|1|338.209991455078|1|5.0|{"satellites":8}|gps|onLocationChanged|-1
