6|1394470331458|2|50707|619165|-1133707|4107|201
7|1394470332506|2|50707|619165|-1133707|4107|201
8|1394470333575|2|50707|619165|-1133707|4107|201
9|1394470334563|2|50707|619165|-1133707|4107|201
10|1394470335653|2|50707|619165|-1133707|4107|201
11|1394470336596|2|50707|619165|-1133707|4107|201
12|1394470337679|2|50707|619165|-1133707|4107|201
13|1394470338708|2|50707|619165|-1133707|4107|201
14|1394470339711|2|50707|619165|-1133707|4107|201
15|1394470340910|2|50707|619165|-1133707|4107|201
16|1394470341763|2|50707|619165|-1133707|4107|201
17|1394470342747|2|50707|619165|-1133707|4107|201
18|1394470343813|2|50707|619165|-1133707|4107|201
19|1394470344775|2|50707|619165|-1133707|4107|201
20|1394470345889|2|50707|619165|-1133707|4107|201
21|1394470346852|2|50707|619165|-1133707|4107|201
22|1394470347844|2|50707|619165|-1133707|4107|201
23|1394470348812|2|50707|619165|-1133707|4107|201
24|1394470349806|2|50707|619165|-1133707|4107|201
25|1394470350917|2|50707|619165|-1133707|4107|201
26|1394470351857|2|50707|619165|-1133707|4107|201
27|1394470352870|2|50707|619165|-1133707|4107|201
28|1394470353908|2|50707|619165|-1133707|4107|201
29|1394470354883|2|50707|619165|-1133707|4107|201
30|1394470355848|2|50707|619165|-1133707|4107|201
31|1394470356937|2|50691|619458|-1134434|4107|201
32|1394470357914|2|50691|619458|-1134434|4107|201
33|1394470388522|2|50707|619165|-1133707|4107|201
34|1394470389474|2|50707|619165|-1133707|4107|201
35|1394470390407|2|50707|619165|-1133707|4107|201
36|1394470391470|2|50707|619165|-1133707|4107|201
37|1394470392397|2|50707|619165|-1133707|4107|201
38|1394470393494|2|50707|619165|-1133707|4107|201
39|1394470394374|2|50707|619165|-1133707|4107|201
40|1394470395403|2|50691|619458|-1134434|4107|201
41|1394470396443|2|50691|619458|-1134434|4107|201
42|1394470397418|2|50691|619458|-1134434|4107|201
43|1394470398415|2|50691|619458|-1134434|4107|201
44|1394470399543|2|50691|619458|-1134434|4107|201
45|1394470400485|2|50707|619165|-1133707|4107|201
46|1394470401485|2|50707|619165|-1133707|4107|201
47|1394470402415|2|50707|619165|-1133707|4107|201
48|1394470403444|2|50707|619165|-1133707|4107|201
49|1394470404417|2|50707|619165|-1133707|4107|201
50|1394470405449|2|50707|619165|-1133707|4107|201
51|1394470406500|2|50707|619165|-1133707|4107|201
52|1394470407422|2|50707|619165|-1133707|4107|201
53|1394470408389|2|50707|619165|-1133707|4107|201
54|1394470409426|2|50707|619165|-1133707|4107|201
55|1394470410414|2|50707|619165|-1133707|4107|201
56|1394470411450|2|50707|619165|-1133707|4107|201
57|1394470412397|2|50707|619165|-1133707|4107|201
58|1394470413480|2|50707|619165|-1133707|4107|201
59|1394470414457|2|50707|619165|-1133707|4107|201
60|1394470415476|2|50707|619165|-1133707|4107|201
61|1394470416615|2|50707|619165|-1133707|4107|201
62|1394470417614|2|50707|619165|-1133707|4107|201
63|1394470418516|2|50707|619165|-1133707|4107|201
64|1394470419583|2|50707|619165|-1133707|4107|201
65|1394470420602|2|50707|619165|-1133707|4107|201
66|1394470421772|2|50691|619458|-1134434|4107|201
67|1394470422718|2|50691|619458|-1134434|4107|201
68|1394470423605|2|50691|619458|-1134434|4107|201
69|1394470424605|2|50691|619458|-1134434|4107|201
70|1394470425486|2|50691|619458|-1134434|4107|201
71|1394470426460|2|50691|619458|-1134434|4107|201
72|1394470428149|2|50691|619458|-1134434|4107|201
73|1394470428571|2|50691|619458|-1134434|4107|201
74|1394470429542|2|50691|619458|-1134434|4107|201
75|1394470430649|2|50691|619458|-1134434|4107|201
76|1394470431630|2|50691|619458|-1134434|4107|201
77|1394470432567|2|50691|619458|-1134434|4107|201
78|1394470433498|2|50691|619458|-1134434|4107|201
79|1394470434511|2|50691|619458|-1134434|4107|201
80|1394470436020|2|50691|619458|-1134434|4107|201
81|1394470436592|2|50691|619458|-1134434|4107|201
82|1394470437640|2|50691|619458|-1134434|4107|201
83|1394470438517|2|50691|619458|-1134434|4107|201
84|1394470439513|2|50691|619458|-1134434|4107|201
85|1394470440490|2|50691|619458|-1134434|4107|201
86|1394470441494|2|50691|619458|-1134434|4107|201
87|1394470442480|2|51745|619128|-1134821|4107|201
88|1394470443452|2|51745|619128|-1134821|4107|201
89|1394470444499|2|51745|619128|-1134821|4107|201
90|1394470445476|2|51745|619128|-1134821|4107|201
91|1394470446492|2|51745|619128|-1134821|4107|201
92|1394470447500|2|51745|619128|-1134821|4107|201
93|1394470448443|2|51745|619128|-1134821|4107|201
94|1394470449527|2|51745|619128|-1134821|4107|201
95|1394470450527|2|51745|619128|-1134821|4107|201
96|1394470451530|2|50691|619458|-1134434|4107|201
97|1394470452460|2|50691|619458|-1134434|4107|201
98|1394470453657|2|50691|619458|-1134434|4107|201
99|1394470455591|2|50691|619458|-1134434|4107|201
100|1394470456604|2|50691|619458|-1134434|4107|201
101|1394470457459|2|50691|619458|-1134434|4107|201
102|1394470458500|2|50691|619458|-1134434|4107|201
103|1394470459538|2|50691|619458|-1134434|4107|201
104|1394470460476|2|50691|619458|-1134434|4107|201
105|1394470461493|2|50691|619458|-1134434|4107|201
106|1394470462462|2|50691|619458|-1134434|4107|201
107|1394470463447|2|50691|619458|-1134434|4107|201
108|1394470464529|2|50691|619458|-1134434|4107|201
109|1394470465484|2|50691|619458|-1134434|4107|201
110|1394470466468|2|50691|619458|-1134434|4107|201
111|1394470467471|2|50691|619458|-1134434|4107|201
112|1394470468456|2|50691|619458|-1134434|4107|201
113|1394470469507|2|50691|619458|-1134434|4107|201
114|1394470470477|2|50691|619458|-1134434|4107|201
115|1394470471554|2|50691|619458|-1134434|4107|201
116|1394470473613|2|50691|619458|-1134434|4107|201
117|1394470473828|2|50691|619458|-1134434|4107|201
118|1394470474516|2|50691|619458|-1134434|4107|201
119|1394470475450|2|50691|619458|-1134434|4107|201
120|1394470476524|2|50691|619458|-1134434|4107|201
121|1394470477571|2|50691|619458|-1134434|4107|201
122|1394470478889|2|50691|619458|-1134434|4107|201
