2|1394470324675
2|1394471149827
2|1394471202739
2|1394471603329
2|1394471985694
2|1395840062465
2|1396273754966
2|1396276845716
2|1396276924645
2|1396277415720
2|1396278289355
2|1396278814971
2|1396279006802
2|1396279897224
2|1396280088999
2|1396280180533
2|1396280229624
2|1396280339314
2|1396280580653
2|1396280743430
2|1396280859594
2|1396281016935
2|1396281138571
2|1396281250370
2|1396282079130
2|1396284455815
2|1396284468194
2|1396285020113
2|1396286318031
2|1396286450227
2|1396286531946
2|1396286580012
2|1396369507686
2|1396369707886
2|1396369857107
2|1396372870331
2|1396376854301
2|1396406158699
2|1396406219464
2|1396406227161
2|1396406568920
