8|2014-03-10 12:52:11|2|1394470333000|-78.7901820894331|43.0021672602743|1|-22.0|1|7.875|1|257.309997558594|1|205.0|{"satellites":3}|gps|onLocationChanged|-1
9|2014-03-10 12:52:12|2|1394470334000|-78.7901155371219|43.0021186871454|1|-23.0|1|7.5|1|252.270004272461|1|160.0|{"satellites":4}|gps|onLocationChanged|-1
10|2014-03-10 12:52:13|2|1394470335000|-78.7900940794498|43.0021168012172|1|-28.0|1|7.8125|1|253.410003662109|1|160.0|{"satellites":4}|gps|onLocationChanged|-1
11|2014-03-10 12:52:14|2|1394470336000|-78.7901388388127|43.0020818067715|1|-34.0|1|7.6875|1|255.979995727539|1|170.0|{"satellites":4}|gps|onLocationChanged|-1
12|2014-03-10 12:52:15|2|1394470337000|-78.790086871013|43.0020784540102|1|-33.0|1|6.75|1|256.350006103516|1|160.0|{"satellites":4}|gps|onLocationChanged|-1
13|2014-03-10 12:52:16|2|1394470338000|-78.7901173811406|43.0020404001698|1|-35.0|1|6.25|1|253.300003051758|1|165.0|{"satellites":4}|gps|onLocationChanged|-1
14|2014-03-10 12:52:17|2|1394470339000|-78.7901291996241|43.0019925814122|1|-37.0|1|6.4375|1|248.529998779297|1|135.0|{"satellites":4}|gps|onLocationChanged|-1
15|2014-03-10 12:52:18|2|1394470340000|-78.7901641521603|43.0019501689822|1|-40.0|1|6.4375|1|245.300003051758|1|135.0|{"satellites":4}|gps|onLocationChanged|-1
16|2014-03-10 12:52:19|2|1394470341000|-78.7902494799346|43.0019296333194|1|-44.0|1|7.1875|1|244.360000610352|1|140.0|{"satellites":4}|gps|onLocationChanged|-1
17|2014-03-10 12:52:20|2|1394470342000|-78.7903260067105|43.0018893163651|1|-48.0|1|8.5|1|243.259994506836|1|140.0|{"satellites":4}|gps|onLocationChanged|-1
18|2014-03-10 12:52:21|2|1394470343000|-78.7904001865536|43.001865176484|1|-49.0|1|9.8125|1|244.610000610352|1|140.0|{"satellites":4}|gps|onLocationChanged|-1
19|2014-03-10 12:52:22|2|1394470344000|-78.7904811557382|43.0018354207277|1|-53.0|1|10.5|1|244.429992675781|1|145.0|{"satellites":4}|gps|onLocationChanged|-1
20|2014-03-10 12:52:23|2|1394470345000|-78.7905367277563|43.0018168129027|1|-55.0|1|9.125|1|242.970001220703|1|145.0|{"satellites":4}|gps|onLocationChanged|-1
21|2014-03-10 12:52:24|2|1394470346000|-78.790625911206|43.001775322482|1|-59.0|1|9.9375|1|242.759994506836|1|140.0|{"satellites":3}|gps|onLocationChanged|-1
22|2014-03-10 12:52:25|2|1394470347000|-78.7907326966524|43.0017474945635|1|-66.0|1|9.5|1|243.960006713867|1|140.0|{"satellites":3}|gps|onLocationChanged|-1
23|2014-03-10 12:52:26|2|1394470348000|-78.7908378057182|43.0017196666449|1|-71.0|1|10.125|1|245.520004272461|1|140.0|{"satellites":3}|gps|onLocationChanged|-1
24|2014-03-10 12:52:27|2|1394470349000|-78.7909189425409|43.0016926769167|1|-75.0|1|10.875|1|247.429992675781|1|135.0|{"satellites":4}|gps|onLocationChanged|-1
25|2014-03-10 12:52:28|2|1394470350000|-78.7910543940961|43.0016797687858|1|-79.0|1|11.375|1|250.550003051758|1|140.0|{"satellites":3}|gps|onLocationChanged|-1
26|2014-03-10 12:52:29|2|1394470351000|-78.7911754287779|43.0016646394506|1|-83.0|1|11.5|1|252.720001220703|1|140.0|{"satellites":3}|gps|onLocationChanged|-1
27|2014-03-10 12:52:30|2|1394470352000|-78.7913133949041|43.0016627116129|1|-88.0|1|11.625|1|255.070007324219|1|145.0|{"satellites":3}|gps|onLocationChanged|-1
28|2014-03-10 12:52:31|2|1394470353000|-78.7914387043566|43.0016726022586|1|-94.0|1|11.6875|1|257.690002441406|1|145.0|{"satellites":3}|gps|onLocationChanged|-1
29|2014-03-10 12:52:32|2|1394470354000|-78.7915277201682|43.0016935989261|1|-98.0|1|11.5625|1|260.519989013672|1|145.0|{"satellites":3}|gps|onLocationChanged|-1
30|2014-03-10 12:52:33|2|1394470355000|-78.7916251178831|43.0017290543765|1|-102.0|1|11.6875|1|263.850006103516|1|145.0|{"satellites":3}|gps|onLocationChanged|-1
31|2014-03-10 12:52:34|2|1394470356000|-78.7916940171272|43.0017697066069|1|-106.0|1|11.75|1|267.450012207031|1|150.0|{"satellites":3}|gps|onLocationChanged|-1
32|2014-03-10 12:52:35|2|1394470357000|-78.7917477451265|43.001829511486|1|-109.0|1|11.5625|1|273.170013427734|1|165.0|{"satellites":3}|gps|onLocationChanged|-1
33|2014-03-10 12:52:36|2|1394470358000|-78.7918136268854|43.0018008034676|1|-113.0|1|11.3125|1|273.269989013672|1|150.0|{"satellites":3}|gps|onLocationChanged|-1
34|2014-03-10 12:52:37|2|1394470359000|-78.7919351644814|43.0018205847591|1|-116.0|1|11.4375|1|272.720001220703|1|150.0|{"satellites":3}|gps|onLocationChanged|-1
35|2014-03-10 12:53:08|2|1394470390000|-78.7938516028225|43.0018873885274|1|-264.0|1|5.6875|1|275.100006103516|1|295.0|{"satellites":3}|gps|onLocationChanged|-1
36|2014-03-10 12:53:09|2|1394470391000|-78.7933726608753|43.001816268079|1|-250.0|1|5.3125|1|275.410003662109|1|260.0|{"satellites":3}|gps|onLocationChanged|-1
37|2014-03-10 12:53:10|2|1394470392000|-78.7930794619024|43.0017909128219|1|-237.0|1|5.0|1|274.820007324219|1|250.0|{"satellites":3}|gps|onLocationChanged|-1
38|2014-03-10 12:53:11|2|1394470393000|-78.7928342912346|43.0017598997802|1|-225.0|1|4.0625|1|273.059997558594|1|235.0|{"satellites":3}|gps|onLocationChanged|-1
39|2014-03-10 12:53:12|2|1394470394000|-78.7925949878991|43.0016706325114|1|-212.0|1|4.125|1|265.269989013672|1|225.0|{"satellites":3}|gps|onLocationChanged|-1
40|2014-03-10 12:53:13|2|1394470395000|-78.7923980131745|43.0016369372606|1|-203.0|1|3.8125|1|257.850006103516|1|215.0|{"satellites":3}|gps|onLocationChanged|-1
41|2014-03-10 12:53:14|2|1394470396000|-78.7922497373074|43.0016171978787|1|-194.0|1|4.375|1|247.5|1|215.0|{"satellites":3}|gps|onLocationChanged|-1
42|2014-03-10 12:53:15|2|1394470397000|-78.7921439576894|43.0016065947712|1|-186.0|1|4.1875|1|242.240005493164|1|215.0|{"satellites":3}|gps|onLocationChanged|-1
43|2014-03-10 12:53:16|2|1394470398000|-78.7920264434069|43.0015828739852|1|-178.0|1|4.3125|1|239.419998168945|1|205.0|{"satellites":3}|gps|onLocationChanged|-1
44|2014-03-10 12:53:17|2|1394470399000|-78.7919380143285|43.0015667388216|1|-171.0|1|4.5|1|239.309997558594|1|205.0|{"satellites":3}|gps|onLocationChanged|-1
45|2014-03-10 12:53:18|2|1394470400000|-78.791876072064|43.0015514418483|1|-165.0|1|5.0|1|240.800003051758|1|205.0|{"satellites":3}|gps|onLocationChanged|-1
46|2014-03-10 12:53:19|2|1394470401000|-78.7916134670377|43.0016625020653|1|-145.0|1|2.9375|1|244.529998779297|1|130.0|{"satellites":4}|gps|onLocationChanged|-1
47|2014-03-10 12:53:20|2|1394470402000|-78.7913582380861|43.0017336225137|1|-123.0|1|2.75|1|243.880004882813|1|145.0|{"satellites":4}|gps|onLocationChanged|-1
48|2014-03-10 12:53:21|2|1394470403000|-78.7911584135145|43.0018063355237|1|-105.0|1|2.5625|1|243.020004272461|1|140.0|{"satellites":4}|gps|onLocationChanged|-1
49|2014-03-10 12:53:22|2|1394470404000|-78.7910020910203|43.0018689483404|1|-91.0|1|1.875|1|241.039993286133|1|140.0|{"satellites":4}|gps|onLocationChanged|-1
50|2014-03-10 12:53:23|2|1394470405000|-78.7907707504928|43.0020018015057|1|-68.0|1|0.625|1|241.779998779297|1|180.0|{"satellites":4}|gps|onLocationChanged|-1
51|2014-03-10 12:53:24|2|1394470406000|-78.7907588481903|43.0020424537361|1|-62.0|1|1.25|1|243.270004272461|1|175.0|{"satellites":4}|gps|onLocationChanged|-1
52|2014-03-10 12:53:25|2|1394470407000|-78.7906619533896|43.0020744726062|1|-52.0|1|1.75|1|245.839996337891|1|165.0|{"satellites":4}|gps|onLocationChanged|-1
53|2014-03-10 12:53:26|2|1394470408000|-78.7905985862017|43.0020888475701|1|-45.0|1|1.5625|1|247.009994506836|1|165.0|{"satellites":4}|gps|onLocationChanged|-1
54|2014-03-10 12:53:27|2|1394470409000|-78.7904886156321|43.0021025519818|1|-36.0|1|1.125|1|247.440002441406|1|160.0|{"satellites":4}|gps|onLocationChanged|-1
55|2014-03-10 12:53:28|2|1394470410000|-78.7903736997396|43.0021146219224|1|-25.0|1|0.6875|1|247.320007324219|1|150.0|{"satellites":4}|gps|onLocationChanged|-1
56|2014-03-10 12:53:29|2|1394470411000|-78.7902017869055|43.0021536815912|1|-12.0|1|0.1875|1|247.320007324219|1|150.0|{"satellites":4}|gps|onLocationChanged|-1
57|2014-03-10 12:53:30|2|1394470412000|-78.7899955920875|43.0022315913811|1|0.0|1|1.4375|1|254.830001831055|1|145.0|{"satellites":4}|gps|onLocationChanged|-1
58|2014-03-10 12:53:31|2|1394470413000|-78.7898076698184|43.002314530313|1|10.0|1|3.125|1|285.309997558594|1|140.0|{"satellites":4}|gps|onLocationChanged|-1
59|2014-03-10 12:53:32|2|1394470414000|-78.7896245252341|43.0023990618065|1|20.0|1|4.625|1|321.839996337891|1|140.0|{"satellites":4}|gps|onLocationChanged|-1
60|2014-03-10 12:53:33|2|1394470415000|-78.7894454877824|43.0024607526138|1|30.0|1|5.125|1|348.220001220703|1|135.0|{"satellites":4}|gps|onLocationChanged|-1
61|2014-03-10 12:53:34|2|1394470416000|-78.7893012352288|43.002509996295|1|38.0|1|5.5|1|3.15000009536743|1|135.0|{"satellites":4}|gps|onLocationChanged|-1
62|2014-03-10 12:53:35|2|1394470417000|-78.7891361117363|43.0025726091117|1|48.0|1|5.5|1|10.6400003433228|1|135.0|{"satellites":4}|gps|onLocationChanged|-1
63|2014-03-10 12:53:36|2|1394470418000|-78.7890041805804|43.0026510218158|1|57.0|1|5.8125|1|13.8100004196167|1|135.0|{"satellites":4}|gps|onLocationChanged|-1
64|2014-03-10 12:53:37|2|1394470419000|-78.7889402266592|43.002705713734|1|61.0|1|5.8125|1|16.7000007629395|1|135.0|{"satellites":4}|gps|onLocationChanged|-1
65|2014-03-10 12:53:38|2|1394470420000|-78.7888972274959|43.0027521494776|1|64.0|1|5.625|1|17.7700004577637|1|135.0|{"satellites":4}|gps|onLocationChanged|-1
66|2014-03-10 12:53:39|2|1394470421000|-78.7891242094338|43.0027635907754|1|48.0|1|4.625|1|18.1299991607666|1|125.0|{"satellites":4}|gps|onLocationChanged|-1
67|2014-03-10 12:53:40|2|1394470422000|-78.7892511952668|43.0027604894713|1|40.0|1|3.5625|1|18.4400005340576|1|115.0|{"satellites":4}|gps|onLocationChanged|-1
68|2014-03-10 12:53:41|2|1394470423000|-78.7892799451947|43.0027542449534|1|38.0|1|2.5625|1|18.5900001525879|1|115.0|{"satellites":4}|gps|onLocationChanged|-1
69|2014-03-10 12:53:42|2|1394470424000|-78.7893289793283|43.0027139699087|1|36.0|1|0.5|1|18.5900001525879|1|115.0|{"satellites":4}|gps|onLocationChanged|-1
70|2014-03-10 12:53:43|2|1394470425000|-78.789391675964|43.002704246901|1|36.0|1|0.5625|1|18.5900001525879|1|105.0|{"satellites":4}|gps|onLocationChanged|-1
71|2014-03-10 12:53:44|2|1394470426000|-78.7894967850298|43.0027209687978|1|34.0|1|1.75|1|14.8800001144409|1|115.0|{"satellites":4}|gps|onLocationChanged|-1
72|2014-03-10 12:53:45|2|1394470427000|-78.7890701461583|43.0027585616335|1|70.0|1|2.3125|1|1.74000000953674|1|75.0|{"satellites":4}|gps|onLocationChanged|-1
73|2014-03-10 12:53:46|2|1394470428000|-78.7891927734017|43.0027818214148|1|69.0|1|4.0625|1|337.640014648438|1|100.0|{"satellites":3}|gps|onLocationChanged|-1
74|2014-03-10 12:53:47|2|1394470429000|-78.7885361351073|43.0027872277424|1|115.0|1|2.4375|1|313.799987792969|1|70.0|{"satellites":5}|gps|onLocationChanged|-1
75|2014-03-10 12:53:48|2|1394470430000|-78.7883384060115|43.0027656024322|1|129.0|1|1.6875|1|304.339996337891|1|60.0|{"satellites":5}|gps|onLocationChanged|-1
76|2014-03-10 12:53:49|2|1394470431000|-78.7882377393544|43.0027225613594|1|137.0|1|1.4375|1|296.570007324219|1|25.0|{"satellites":5}|gps|onLocationChanged|-1
77|2014-03-10 12:53:50|2|1394470432000|-78.7881199736148|43.0026434361935|1|144.0|1|0.9375|1|295.559997558594|1|25.0|{"satellites":5}|gps|onLocationChanged|-1
78|2014-03-10 12:53:51|2|1394470433000|-78.7880912236869|43.0026359343901|1|148.0|1|1.4375|1|294.980010986328|1|25.0|{"satellites":5}|gps|onLocationChanged|-1
79|2014-03-10 12:53:52|2|1394470434000|-78.7879521679133|43.0025926837698|1|154.0|1|0.8125|1|289.890014648438|1|20.0|{"satellites":4}|gps|onLocationChanged|-1
80|2014-03-10 12:53:53|2|1394470435000|-78.787848316133|43.0025454098359|1|157.0|1|0.5625|1|289.890014648438|1|20.0|{"satellites":5}|gps|onLocationChanged|-1
81|2014-03-10 12:53:54|2|1394470436000|-78.7878036405891|43.0025121755898|1|160.0|1|0.375|1|289.890014648438|1|15.0|{"satellites":6}|gps|onLocationChanged|-1
82|2014-03-10 12:53:55|2|1394470437000|-78.7877591326833|43.0024817073718|1|162.0|1|1.4375|1|306.029998779297|1|15.0|{"satellites":5}|gps|onLocationChanged|-1
83|2014-03-10 12:53:56|2|1394470438000|-78.7877149600536|43.0024327989668|1|165.0|1|2.1875|1|265.700012207031|1|15.0|{"satellites":6}|gps|onLocationChanged|-1
84|2014-03-10 12:53:57|2|1394470439000|-78.7877043150365|43.0023926077411|1|168.0|1|2.0|1|241.199996948242|1|15.0|{"satellites":7}|gps|onLocationChanged|-1
85|2014-03-10 12:53:58|2|1394470440000|-78.7876728828996|43.0023672943935|1|170.0|1|1.625|1|222.889999389648|1|15.0|{"satellites":7}|gps|onLocationChanged|-1
86|2014-03-10 12:53:59|2|1394470441000|-78.7876374274492|43.0023343116045|1|171.0|1|1.8125|1|209.399993896484|1|15.0|{"satellites":7}|gps|onLocationChanged|-1
87|2014-03-10 12:54:00|2|1394470442000|-78.7876354996115|43.0023246305063|1|173.0|1|0.5625|1|209.539993286133|1|10.0|{"satellites":8}|gps|onLocationChanged|-1
88|2014-03-10 12:54:01|2|1394470443000|-78.7876335717738|43.002318511717|1|174.0|1|0.25|1|209.539993286133|1|10.0|{"satellites":8}|gps|onLocationChanged|-1
89|2014-03-10 12:54:02|2|1394470444000|-78.787610270083|43.0023162905127|1|176.0|1|0.8125|1|205.149993896484|1|10.0|{"satellites":7}|gps|onLocationChanged|-1
90|2014-03-10 12:54:03|2|1394470445000|-78.7875862140209|43.0023050168529|1|177.0|1|1.0|1|199.570007324219|1|10.0|{"satellites":7}|gps|onLocationChanged|-1
91|2014-03-10 12:54:04|2|1394470446000|-78.7875833641738|43.0023054778576|1|179.0|1|0.25|1|199.570007324219|1|10.0|{"satellites":7}|gps|onLocationChanged|-1
92|2014-03-10 12:54:05|2|1394470447000|-78.7875853758305|43.0023240018636|1|180.0|1|1.0625|1|211.949996948242|1|10.0|{"satellites":7}|gps|onLocationChanged|-1
93|2014-03-10 12:54:06|2|1394470448000|-78.7875889800489|43.0023238761351|1|181.0|1|1.375|1|229.210006713867|1|10.0|{"satellites":7}|gps|onLocationChanged|-1
94|2014-03-10 12:54:07|2|1394470449000|-78.7875889800489|43.0023416038603|1|181.0|1|1.375|1|248.100006103516|1|10.0|{"satellites":7}|gps|onLocationChanged|-1
95|2014-03-10 12:54:08|2|1394470450000|-78.7875541951507|43.0023590801284|1|183.0|1|1.9375|1|278.760009765625|1|15.0|{"satellites":7}|gps|onLocationChanged|-1
96|2014-03-10 12:54:09|2|1394470451000|-78.7875379342586|43.0023603793234|1|183.0|1|1.125|1|305.540008544922|1|10.0|{"satellites":8}|gps|onLocationChanged|-1
97|2014-03-10 12:54:10|2|1394470452000|-78.7875225115567|43.002373916097|1|185.0|1|1.0|1|314.760009765625|1|10.0|{"satellites":8}|gps|onLocationChanged|-1
98|2014-03-10 12:54:11|2|1394470453000|-78.7875245232135|43.0023704376072|1|186.0|1|0.375|1|314.760009765625|1|10.0|{"satellites":8}|gps|onLocationChanged|-1
99|2014-03-10 12:54:12|2|1394470454000|-78.7875163927674|43.0023424839601|1|189.0|1|0.9375|1|314.820007324219|1|10.0|{"satellites":8}|gps|onLocationChanged|-1
100|2014-03-10 12:54:13|2|1394470455000|-78.7875026464462|43.0023054778576|1|192.0|1|0.3125|1|314.820007324219|1|10.0|{"satellites":8}|gps|onLocationChanged|-1
101|2014-03-10 12:54:15|2|1394470457000|-78.7874717172235|43.0022574914619|1|194.0|1|0.5|1|314.820007324219|1|10.0|{"satellites":8}|gps|onLocationChanged|-1
102|2014-03-10 12:54:16|2|1394470458000|-78.7874602340162|43.0022350279614|1|195.0|1|1.0625|1|334.600006103516|1|10.0|{"satellites":8}|gps|onLocationChanged|-1
103|2014-03-10 12:54:17|2|1394470459000|-78.7874551210552|43.0021859100089|1|194.0|1|0.6875|1|350.470001220703|1|10.0|{"satellites":9}|gps|onLocationChanged|-1
104|2014-03-10 12:54:18|2|1394470460000|-78.7874478287995|43.0021523823962|1|196.0|1|1.6875|1|59.560001373291|1|10.0|{"satellites":9}|gps|onLocationChanged|-1
105|2014-03-10 12:54:19|2|1394470461000|-78.7874509301037|43.0021073715761|1|198.0|1|2.1875|1|112.470001220703|1|10.0|{"satellites":9}|gps|onLocationChanged|-1
106|2014-03-10 12:54:20|2|1394470462000|-78.7874613236636|43.0020701140165|1|198.0|1|1.875|1|128.600006103516|1|10.0|{"satellites":9}|gps|onLocationChanged|-1
107|2014-03-10 12:54:21|2|1394470463000|-78.7874760758132|43.0020207026973|1|199.0|1|2.375|1|139.589996337891|1|10.0|{"satellites":9}|gps|onLocationChanged|-1
108|2014-03-10 12:54:22|2|1394470464000|-78.7874906603247|43.0019878037274|1|199.0|1|1.9375|1|148.190002441406|1|10.0|{"satellites":9}|gps|onLocationChanged|-1
109|2014-03-10 12:54:23|2|1394470465000|-78.7875000480562|43.0019709980115|1|199.0|1|1.1875|1|150.059997558594|1|10.0|{"satellites":9}|gps|onLocationChanged|-1
110|2014-03-10 12:54:24|2|1394470466000|-78.7875091005117|43.001952348277|1|199.0|1|1.75|1|155.830001831055|1|10.0|{"satellites":8}|gps|onLocationChanged|-1
111|2014-03-10 12:54:25|2|1394470467000|-78.787517985329|43.0019349977374|1|199.0|1|1.375|1|163.940002441406|1|10.0|{"satellites":9}|gps|onLocationChanged|-1
112|2014-03-10 12:54:26|2|1394470468000|-78.7875210028142|43.0019200779498|1|199.0|1|1.8125|1|168.800003051758|1|10.0|{"satellites":8}|gps|onLocationChanged|-1
113|2014-03-10 12:54:27|2|1394470469000|-78.7875093519688|43.0018966924399|1|200.0|1|2.0|1|169.300003051758|1|10.0|{"satellites":9}|gps|onLocationChanged|-1
114|2014-03-10 12:54:28|2|1394470470000|-78.7875044904649|43.0018774140626|1|200.0|1|1.75|1|168.410003662109|1|10.0|{"satellites":7}|gps|onLocationChanged|-1
115|2014-03-10 12:54:29|2|1394470471000|-78.7875018082559|43.0018570879474|1|200.0|1|2.4375|1|168.580001831055|1|10.0|{"satellites":8}|gps|onLocationChanged|-1
116|2014-03-10 12:54:30|2|1394470472000|-78.787525864318|43.0018361331895|1|200.0|1|1.8125|1|173.339996337891|1|10.0|{"satellites":8}|gps|onLocationChanged|-1
117|2014-03-10 12:54:31|2|1394470473000|-78.787549585104|43.0018250690773|1|199.0|1|1.9375|1|179.550003051758|1|10.0|{"satellites":8}|gps|onLocationChanged|-1
118|2014-03-10 12:54:32|2|1394470474000|-78.7875672709197|43.0018172739074|1|198.0|1|1.5625|1|188.190002441406|1|10.0|{"satellites":8}|gps|onLocationChanged|-1
119|2014-03-10 12:54:33|2|1394470475000|-78.7875677738339|43.0018042400479|1|198.0|1|2.0|1|182.399993896484|1|10.0|{"satellites":8}|gps|onLocationChanged|-1
120|2014-03-10 12:54:34|2|1394470476000|-78.7875455617905|43.0017943074927|1|197.0|1|2.125|1|167.070007324219|1|10.0|{"satellites":8}|gps|onLocationChanged|-1
121|2014-03-10 12:54:35|2|1394470477000|-78.7875359226018|43.0017871409655|1|197.0|1|1.5|1|161.619995117188|1|10.0|{"satellites":8}|gps|onLocationChanged|-1
122|2014-03-10 12:54:36|2|1394470478000|-78.7875273730606|43.0017790105194|1|196.0|1|1.875|1|163.300003051758|1|10.0|{"satellites":8}|gps|onLocationChanged|-1
123|2014-03-10 12:54:37|2|1394470479000|-78.7875134591013|43.001766060479|1|196.0|1|2.125|1|163.830001831055|1|10.0|{"satellites":8}|gps|onLocationChanged|-1
124|2014-03-10 12:54:38|2|1394470481000|-78.7875004671514|43.0017545353621|1|194.0|1|1.125|1|165.229995727539|1|10.0|{"satellites":8}|gps|onLocationChanged|-1
