362|1396407019899|9|50691|619458|-1134434|4107|201
363|1396407020929|9|50691|619458|-1134434|4107|201
364|1396407021900|9|50691|619458|-1134434|4107|201
365|1396407022900|9|50691|619458|-1134434|4107|201
366|1396407023879|9|50691|619458|-1134434|4107|201
367|1396407024877|9|50691|619458|-1134434|4107|201
368|1396407025868|9|50707|619165|-1133707|4107|201
369|1396407026920|9|50707|619165|-1133707|4107|201
370|1396407027885|9|50707|619165|-1133707|4107|201
371|1396407028913|9|50707|619165|-1133707|4107|201
372|1396407029909|9|50707|619165|-1133707|4107|201
373|1396407030919|9|50707|619165|-1133707|4107|201
374|1396407031886|9|50707|619165|-1133707|4107|201
375|1396407032940|9|50707|619165|-1133707|4107|201
376|1396407033922|9|50707|619165|-1133707|4107|201
377|1396407034924|9|50707|619165|-1133707|4107|201
378|1396407035910|9|50707|619165|-1133707|4107|201
379|1396407036907|9|50707|619165|-1133707|4107|201
380|1396407037894|9|50707|619165|-1133707|4107|201
381|1396407038927|9|50707|619165|-1133707|4107|201
382|1396407039914|9|50707|619165|-1133707|4107|201
383|1396407040892|9|50707|619165|-1133707|4107|201
384|1396407041933|9|50707|619165|-1133707|4107|201
385|1396407042899|9|50707|619165|-1133707|4107|201
386|1396407043880|9|50707|619165|-1133707|4107|201
387|1396407044979|9|50707|619165|-1133707|4107|201
388|1396407046526|9|50707|619165|-1133707|4107|201
389|1396407047043|9|50707|619165|-1133707|4107|201
390|1396407047961|9|50707|619165|-1133707|4107|201
391|1396407048878|9|50707|619165|-1133707|4107|201
392|1396407049943|9|50707|619165|-1133707|4107|201
393|1396407050933|9|50707|619165|-1133707|4107|201
394|1396407051955|9|50707|619165|-1133707|4107|201
395|1396407053904|9|50707|619165|-1133707|4107|201
396|1396407054291|9|50707|619165|-1133707|4107|201
397|1396407055064|9|50707|619165|-1133707|4107|201
398|1396407055927|9|50707|619165|-1133707|4107|201
399|1396407056977|9|50707|619165|-1133707|4107|201
400|1396407057903|9|50707|619165|-1133707|4107|201
401|1396407058910|9|50707|619165|-1133707|4107|201
402|1396407059890|9|50707|619165|-1133707|4107|201
403|1396407060899|9|50707|619165|-1133707|4107|201
404|1396407061920|9|50707|619165|-1133707|4107|201
405|1396407062941|9|50707|619165|-1133707|4107|201
406|1396407063911|9|50707|619165|-1133707|4107|201
407|1396407064914|9|50707|619165|-1133707|4107|201
408|1396407065911|9|50707|619165|-1133707|4107|201
409|1396407066918|9|50707|619165|-1133707|4107|201
410|1396407067915|9|50707|619165|-1133707|4107|201
411|1396407069015|9|50707|619165|-1133707|4107|201
412|1396407069916|9|50707|619165|-1133707|4107|201
413|1396407070900|9|50707|619165|-1133707|4107|201
414|1396407071906|9|50707|619165|-1133707|4107|201
415|1396407072927|9|50707|619165|-1133707|4107|201
416|1396407073892|9|50707|619165|-1133707|4107|201
417|1396407074959|9|50707|619165|-1133707|4107|201
418|1396407075935|9|50707|619165|-1133707|4107|201
419|1396407076944|9|50691|619458|-1134434|4107|201
420|1396407077915|9|50691|619458|-1134434|4107|201
421|1396407078914|9|50691|619458|-1134434|4107|201
422|1396407079919|9|50691|619458|-1134434|4107|201
423|1396407080983|9|50691|619458|-1134434|4107|201
424|1396407081906|9|50691|619458|-1134434|4107|201
425|1396407082985|9|50691|619458|-1134434|4107|201
426|1396407083977|9|50691|619458|-1134434|4107|201
427|1396407084925|9|50691|619458|-1134434|4107|201
428|1396407086236|9|50691|619458|-1134434|4107|201
429|1396407087024|9|50691|619458|-1134434|4107|201
430|1396407087957|9|50707|619165|-1133707|4107|201
431|1396407088922|9|50707|619165|-1133707|4107|201
432|1396407089878|9|50707|619165|-1133707|4107|201
433|1396407091940|9|50707|619165|-1133707|4107|201
434|1396407092293|9|50707|619165|-1133707|4107|201
435|1396407093066|9|50707|619165|-1133707|4107|201
436|1396407094008|9|50707|619165|-1133707|4107|201
437|1396407094993|9|50707|619165|-1133707|4107|201
438|1396407095897|9|50707|619165|-1133707|4107|201
439|1396407096887|9|50707|619165|-1133707|4107|201
440|1396407097946|9|50707|619165|-1133707|4107|201
441|1396407098967|9|50707|619165|-1133707|4107|201
442|1396407099877|9|50707|619165|-1133707|4107|201
443|1396407100951|9|50707|619165|-1133707|4107|201
444|1396407101934|9|50707|619165|-1133707|4107|201
445|1396407102923|9|50707|619165|-1133707|4107|201
446|1396407103935|9|50707|619165|-1133707|4107|201
447|1396407104947|9|50707|619165|-1133707|4107|201
448|1396407105900|9|50707|619165|-1133707|4107|201
449|1396407106963|9|50707|619165|-1133707|4107|201
450|1396407107952|9|50707|619165|-1133707|4107|201
451|1396407108895|9|50707|619165|-1133707|4107|201
452|1396407109929|9|50707|619165|-1133707|4107|201
453|1396407110998|9|50707|619165|-1133707|4107|201
454|1396407111902|9|50707|619165|-1133707|4107|201
455|1396407112947|9|50707|619165|-1133707|4107|201
456|1396407113872|9|50707|619165|-1133707|4107|201
457|1396407114919|9|50707|619165|-1133707|4107|201
