388|2014-04-01 22:50:19|9|1396407021000|-78.7872801907361|43.0026332102716|1|175.0|1|0.0|1|121.610000610352|1|25.0|{"satellites":7}|gps|onLocationChanged|-1
389|2014-04-01 22:50:20|9|1396407022000|-78.787367362529|43.0026557575911|1|171.0|1|0.125|1|121.610000610352|1|15.0|{"satellites":7}|gps|onLocationChanged|-1
390|2014-04-01 22:50:21|9|1396407023000|-78.7873998004943|43.0026455735788|1|171.0|1|0.4375|1|121.610000610352|1|15.0|{"satellites":7}|gps|onLocationChanged|-1
391|2014-04-01 22:50:22|9|1396407024000|-78.7873942684382|43.002643645741|1|171.0|1|0.8125|1|116.769996643066|1|15.0|{"satellites":7}|gps|onLocationChanged|-1
392|2014-04-01 22:50:23|9|1396407025000|-78.7873818632215|43.002643645741|1|172.0|1|0.875|1|109.559997558594|1|15.0|{"satellites":8}|gps|onLocationChanged|-1
393|2014-04-01 22:50:24|9|1396407026000|-78.7873747386038|43.0026455735788|1|172.0|1|0.6875|1|108.569999694824|1|15.0|{"satellites":8}|gps|onLocationChanged|-1
394|2014-04-01 22:50:25|9|1396407027000|-78.7873612437397|43.0026415083557|1|174.0|1|0.6875|1|107.580001831055|1|15.0|{"satellites":8}|gps|onLocationChanged|-1
395|2014-04-01 22:50:26|9|1396407028000|-78.7873481679708|43.002643561922|1|174.0|1|0.875|1|103.919998168945|1|15.0|{"satellites":9}|gps|onLocationChanged|-1
396|2014-04-01 22:50:27|9|1396407029000|-78.7873383611441|43.0026396224275|1|175.0|1|0.625|1|102.860000610352|1|10.0|{"satellites":9}|gps|onLocationChanged|-1
397|2014-04-01 22:50:28|9|1396407030000|-78.7873306497932|43.0026363534853|1|176.0|1|0.125|1|102.860000610352|1|15.0|{"satellites":8}|gps|onLocationChanged|-1
398|2014-04-01 22:50:29|9|1396407031000|-78.7873232737184|43.0026328749955|1|178.0|1|0.0625|1|102.860000610352|1|15.0|{"satellites":8}|gps|onLocationChanged|-1
399|2014-04-01 22:50:30|9|1396407032000|-78.7873179931194|43.0026309471577|1|179.0|1|0.25|1|102.860000610352|1|15.0|{"satellites":8}|gps|onLocationChanged|-1
400|2014-04-01 22:50:31|9|1396407033000|-78.7873142212629|43.0026281392202|1|179.0|1|0.3125|1|102.860000610352|1|15.0|{"satellites":8}|gps|onLocationChanged|-1
401|2014-04-01 22:50:32|9|1396407034000|-78.7873123772442|43.002630234696|1|180.0|1|0.125|1|102.860000610352|1|15.0|{"satellites":9}|gps|onLocationChanged|-1
402|2014-04-01 22:50:33|9|1396407035000|-78.7873148918152|43.0026309890673|1|180.0|1|0.0625|1|102.860000610352|1|15.0|{"satellites":10}|gps|onLocationChanged|-1
403|2014-04-01 22:50:34|9|1396407036000|-78.7873107846826|43.0026387423277|1|180.0|1|0.5|1|102.860000610352|1|10.0|{"satellites":10}|gps|onLocationChanged|-1
404|2014-04-01 22:50:35|9|1396407037000|-78.7873089406639|43.0026438552886|1|181.0|1|0.4375|1|102.860000610352|1|10.0|{"satellites":10}|gps|onLocationChanged|-1
405|2014-04-01 22:50:36|9|1396407038000|-78.7873040791601|43.002658104524|1|180.0|1|0.25|1|102.860000610352|1|10.0|{"satellites":10}|gps|onLocationChanged|-1
406|2014-04-01 22:50:37|9|1396407039000|-78.7873046658933|43.002663217485|1|179.0|1|0.125|1|102.860000610352|1|10.0|{"satellites":10}|gps|onLocationChanged|-1
407|2014-04-01 22:50:38|9|1396407040000|-78.7873056717217|43.0026691267267|1|178.0|1|0.1875|1|102.860000610352|1|10.0|{"satellites":10}|gps|onLocationChanged|-1
408|2014-04-01 22:50:39|9|1396407041000|-78.787301229313|43.0026794364676|1|178.0|1|0.25|1|102.860000610352|1|10.0|{"satellites":10}|gps|onLocationChanged|-1
409|2014-04-01 22:50:40|9|1396407042000|-78.7873061746359|43.0026918835938|1|177.0|1|0.4375|1|102.860000610352|1|10.0|{"satellites":10}|gps|onLocationChanged|-1
410|2014-04-01 22:50:41|9|1396407043000|-78.7873175740242|43.0027033668011|1|175.0|1|0.4375|1|102.860000610352|1|10.0|{"satellites":10}|gps|onLocationChanged|-1
411|2014-04-01 22:50:42|9|1396407044000|-78.7873272132129|43.0027074739337|1|174.0|1|0.5|1|102.860000610352|1|10.0|{"satellites":9}|gps|onLocationChanged|-1
412|2014-04-01 22:50:43|9|1396407045000|-78.7873277999461|43.0027042049915|1|174.0|1|0.375|1|102.860000610352|1|10.0|{"satellites":9}|gps|onLocationChanged|-1
413|2014-04-01 22:50:44|9|1396407046000|-78.7873300630599|43.0027005169541|1|174.0|1|0.3125|1|102.860000610352|1|10.0|{"satellites":9}|gps|onLocationChanged|-1
414|2014-04-01 22:50:46|9|1396407047000|-78.7873377744108|43.0026967450976|1|174.0|1|0.25|1|102.860000610352|1|10.0|{"satellites":9}|gps|onLocationChanged|-1
415|2014-04-01 22:50:46|9|1396407048000|-78.7873503472656|43.0026942305267|1|174.0|1|0.3125|1|102.860000610352|1|10.0|{"satellites":9}|gps|onLocationChanged|-1
416|2014-04-01 22:50:47|9|1396407049000|-78.7873607408255|43.0026908358559|1|174.0|1|0.25|1|102.860000610352|1|10.0|{"satellites":9}|gps|onLocationChanged|-1
417|2014-04-01 22:50:48|9|1396407050000|-78.7873678654432|43.002692386508|1|174.0|1|0.1875|1|102.860000610352|1|10.0|{"satellites":9}|gps|onLocationChanged|-1
418|2014-04-01 22:50:49|9|1396407051000|-78.7873703800142|43.002693853341|1|174.0|1|0.1875|1|102.860000610352|1|10.0|{"satellites":9}|gps|onLocationChanged|-1
419|2014-04-01 22:50:50|9|1396407052000|-78.7873743195087|43.0026939371601|1|174.0|1|0.25|1|102.860000610352|1|10.0|{"satellites":9}|gps|onLocationChanged|-1
420|2014-04-01 22:50:51|9|1396407053000|-78.7873829528689|43.002696367912|1|173.0|1|0.25|1|102.860000610352|1|10.0|{"satellites":9}|gps|onLocationChanged|-1
421|2014-04-01 22:50:53|9|1396407054000|-78.7873897422105|43.0026969127357|1|173.0|1|0.25|1|102.860000610352|1|10.0|{"satellites":9}|gps|onLocationChanged|-1
422|2014-04-01 22:50:54|9|1396407055000|-78.7873939331621|43.0026968289167|1|173.0|1|0.1875|1|102.860000610352|1|10.0|{"satellites":9}|gps|onLocationChanged|-1
423|2014-04-01 22:50:54|9|1396407056000|-78.7873974535614|43.0026982119307|1|173.0|1|0.3125|1|102.860000610352|1|10.0|{"satellites":9}|gps|onLocationChanged|-1
424|2014-04-01 22:50:55|9|1396407057000|-78.7874023150653|43.0026998883113|1|172.0|1|0.1875|1|102.860000610352|1|10.0|{"satellites":9}|gps|onLocationChanged|-1
425|2014-04-01 22:50:56|9|1396407058000|-78.7874010577798|43.0026998464018|1|173.0|1|0.1875|1|102.860000610352|1|10.0|{"satellites":9}|gps|onLocationChanged|-1
426|2014-04-01 22:50:57|9|1396407059000|-78.7874018959701|43.0026987567544|1|173.0|1|0.25|1|102.860000610352|1|10.0|{"satellites":9}|gps|onLocationChanged|-1
427|2014-04-01 22:50:58|9|1396407060000|-78.7874035723507|43.0026971222833|1|174.0|1|0.3125|1|102.860000610352|1|10.0|{"satellites":9}|gps|onLocationChanged|-1
428|2014-04-01 22:50:59|9|1396407061000|-78.7874075118452|43.002696284093|1|174.0|1|0.375|1|102.860000610352|1|10.0|{"satellites":9}|gps|onLocationChanged|-1
429|2014-04-01 22:51:00|9|1396407062000|-78.7874110322446|43.0026933923364|1|173.0|1|0.4375|1|102.860000610352|1|10.0|{"satellites":8}|gps|onLocationChanged|-1
430|2014-04-01 22:51:01|9|1396407063000|-78.787412121892|43.002691171132|1|173.0|1|0.25|1|102.860000610352|1|10.0|{"satellites":8}|gps|onLocationChanged|-1
431|2014-04-01 22:51:02|9|1396407064000|-78.7874142173678|43.0026886146516|1|173.0|1|0.25|1|102.860000610352|1|10.0|{"satellites":9}|gps|onLocationChanged|-1
432|2014-04-01 22:51:03|9|1396407065000|-78.7874183245003|43.0026896623895|1|173.0|1|0.375|1|102.860000610352|1|10.0|{"satellites":9}|gps|onLocationChanged|-1
433|2014-04-01 22:51:04|9|1396407066000|-78.7874246109277|43.0026926379651|1|173.0|1|0.25|1|102.860000610352|1|10.0|{"satellites":9}|gps|onLocationChanged|-1
434|2014-04-01 22:51:05|9|1396407067000|-78.7874322384596|43.0027001397684|1|173.0|1|0.375|1|102.860000610352|1|10.0|{"satellites":9}|gps|onLocationChanged|-1
435|2014-04-01 22:51:06|9|1396407068000|-78.7874265387654|43.0026971641928|1|173.0|1|0.0|1|102.860000610352|1|10.0|{"satellites":9}|gps|onLocationChanged|-1
436|2014-04-01 22:51:07|9|1396407069000|-78.7874264549464|43.0026971641928|1|173.0|1|0.0|1|102.860000610352|1|10.0|{"satellites":9}|gps|onLocationChanged|-1
437|2014-04-01 22:51:08|9|1396407070000|-78.7874265387654|43.0026972061023|1|173.0|1|0.0|1|102.860000610352|1|10.0|{"satellites":9}|gps|onLocationChanged|-1
438|2014-04-01 22:51:09|9|1396407071000|-78.7874264549464|43.0026972480118|1|173.0|1|0.0|1|102.860000610352|1|10.0|{"satellites":9}|gps|onLocationChanged|-1
439|2014-04-01 22:51:10|9|1396407072000|-78.7874264549464|43.0026972899213|1|173.0|1|0.0|1|102.860000610352|1|10.0|{"satellites":9}|gps|onLocationChanged|-1
440|2014-04-01 22:51:11|9|1396407073000|-78.7874261196703|43.0027011036873|1|173.0|1|0.0625|1|102.860000610352|1|10.0|{"satellites":9}|gps|onLocationChanged|-1
441|2014-04-01 22:51:12|9|1396407074000|-78.7874258682132|43.0027010617778|1|173.0|1|0.0|1|102.860000610352|1|10.0|{"satellites":10}|gps|onLocationChanged|-1
442|2014-04-01 22:51:13|9|1396407075000|-78.7874258682132|43.0027011455968|1|173.0|1|0.0|1|102.860000610352|1|10.0|{"satellites":10}|gps|onLocationChanged|-1
443|2014-04-01 22:51:14|9|1396407076000|-78.7874258682132|43.0027011455968|1|173.0|1|0.0|1|102.860000610352|1|10.0|{"satellites":10}|gps|onLocationChanged|-1
444|2014-04-01 22:51:15|9|1396407077000|-78.7874277122319|43.0027054622769|1|173.0|1|0.1875|1|102.860000610352|1|10.0|{"satellites":10}|gps|onLocationChanged|-1
445|2014-04-01 22:51:16|9|1396407078000|-78.7874269578606|43.0027054622769|1|173.0|1|0.0|1|102.860000610352|1|10.0|{"satellites":10}|gps|onLocationChanged|-1
446|2014-04-01 22:51:17|9|1396407079000|-78.787425365299|43.0027094436809|1|173.0|1|0.125|1|102.860000610352|1|10.0|{"satellites":10}|gps|onLocationChanged|-1
447|2014-04-01 22:51:18|9|1396407080000|-78.7874210067093|43.0027131317183|1|173.0|1|0.3125|1|102.860000610352|1|10.0|{"satellites":10}|gps|onLocationChanged|-1
448|2014-04-01 22:51:19|9|1396407081000|-78.7874230183661|43.0027129221708|1|173.0|1|0.0|1|102.860000610352|1|10.0|{"satellites":10}|gps|onLocationChanged|-1
449|2014-04-01 22:51:20|9|1396407082000|-78.7874240241945|43.0027162330225|1|173.0|1|0.0625|1|102.860000610352|1|10.0|{"satellites":10}|gps|onLocationChanged|-1
450|2014-04-01 22:51:21|9|1396407083000|-78.7874256167561|43.0027184123173|1|173.0|1|0.1875|1|102.860000610352|1|10.0|{"satellites":10}|gps|onLocationChanged|-1
451|2014-04-01 22:51:22|9|1396407084000|-78.787425449118|43.0027186637744|1|173.0|1|0.0625|1|102.860000610352|1|10.0|{"satellites":10}|gps|onLocationChanged|-1
452|2014-04-01 22:51:23|9|1396407085000|-78.7874255329371|43.0027167778462|1|173.0|1|0.125|1|102.860000610352|1|10.0|{"satellites":10}|gps|onLocationChanged|-1
453|2014-04-01 22:51:24|9|1396407086000|-78.7874277960509|43.002716107294|1|173.0|1|0.125|1|102.860000610352|1|10.0|{"satellites":10}|gps|onLocationChanged|-1
454|2014-04-01 22:51:26|9|1396407087000|-78.7874278798699|43.0027155205607|1|173.0|1|0.0|1|102.860000610352|1|10.0|{"satellites":10}|gps|onLocationChanged|-1
455|2014-04-01 22:51:26|9|1396407088000|-78.7874251976609|43.0027129640803|1|173.0|1|0.125|1|102.860000610352|1|10.0|{"satellites":10}|gps|onLocationChanged|-1
456|2014-04-01 22:51:27|9|1396407089000|-78.787425449118|43.0027133831754|1|173.0|1|0.0625|1|102.860000610352|1|10.0|{"satellites":9}|gps|onLocationChanged|-1
457|2014-04-01 22:51:28|9|1396407090000|-78.7874270416796|43.0027140537277|1|173.0|1|0.0625|1|102.860000610352|1|10.0|{"satellites":8}|gps|onLocationChanged|-1
458|2014-04-01 22:51:29|9|1396407091000|-78.787430729717|43.0027162330225|1|173.0|1|0.25|1|102.860000610352|1|10.0|{"satellites":8}|gps|onLocationChanged|-1
459|2014-04-01 22:51:31|9|1396407092000|-78.7874329928309|43.0027197534218|1|173.0|1|0.3125|1|102.860000610352|1|10.0|{"satellites":9}|gps|onLocationChanged|-1
460|2014-04-01 22:51:32|9|1396407093000|-78.7874372676015|43.0027217650786|1|173.0|1|0.375|1|102.860000610352|1|10.0|{"satellites":9}|gps|onLocationChanged|-1
461|2014-04-01 22:51:32|9|1396407094000|-78.7874394468963|43.002722854726|1|173.0|1|0.25|1|102.860000610352|1|10.0|{"satellites":9}|gps|onLocationChanged|-1
462|2014-04-01 22:51:33|9|1396407095000|-78.7874418776482|43.0027251178399|1|173.0|1|0.25|1|102.860000610352|1|10.0|{"satellites":9}|gps|onLocationChanged|-1
463|2014-04-01 22:51:34|9|1396407096000|-78.7874443922192|43.0027282610536|1|173.0|1|0.3125|1|102.860000610352|1|10.0|{"satellites":9}|gps|onLocationChanged|-1
464|2014-04-01 22:51:35|9|1396407097000|-78.7874496728182|43.0027302308008|1|173.0|1|0.375|1|102.860000610352|1|10.0|{"satellites":9}|gps|onLocationChanged|-1
465|2014-04-01 22:51:36|9|1396407098000|-78.7874564621598|43.0027316138148|1|173.0|1|0.4375|1|102.860000610352|1|10.0|{"satellites":9}|gps|onLocationChanged|-1
466|2014-04-01 22:51:37|9|1396407099000|-78.7874606531113|43.0027309013531|1|173.0|1|0.25|1|102.860000610352|1|10.0|{"satellites":9}|gps|onLocationChanged|-1
467|2014-04-01 22:51:38|9|1396407100000|-78.7874612398446|43.0027326615527|1|173.0|1|0.1875|1|102.860000610352|1|10.0|{"satellites":9}|gps|onLocationChanged|-1
468|2014-04-01 22:51:39|9|1396407101000|-78.7874691188335|43.0027353856713|1|173.0|1|0.375|1|102.860000610352|1|10.0|{"satellites":9}|gps|onLocationChanged|-1
469|2014-04-01 22:51:40|9|1396407102000|-78.787478255108|43.002740079537|1|173.0|1|0.5625|1|0.319999992847443|1|10.0|{"satellites":9}|gps|onLocationChanged|-1
470|2014-04-01 22:51:41|9|1396407103000|-78.7874878104776|43.0027404567227|1|173.0|1|0.625|1|327.029998779297|1|10.0|{"satellites":9}|gps|onLocationChanged|-1
471|2014-04-01 22:51:42|9|1396407104000|-78.787494180724|43.0027366848663|1|173.0|1|0.625|1|300.220001220703|1|10.0|{"satellites":9}|gps|onLocationChanged|-1
472|2014-04-01 22:51:43|9|1396407105000|-78.7874965276569|43.0027299374342|1|173.0|1|0.5625|1|281.809997558594|1|10.0|{"satellites":9}|gps|onLocationChanged|-1
473|2014-04-01 22:51:44|9|1396407106000|-78.7875015567988|43.0027261655778|1|173.0|1|0.5|1|281.809997558594|1|10.0|{"satellites":9}|gps|onLocationChanged|-1
474|2014-04-01 22:51:45|9|1396407107000|-78.7875056639314|43.0027257883921|1|173.0|1|0.375|1|281.809997558594|1|10.0|{"satellites":9}|gps|onLocationChanged|-1
475|2014-04-01 22:51:46|9|1396407108000|-78.787510022521|43.0027269199491|1|173.0|1|0.4375|1|281.809997558594|1|10.0|{"satellites":9}|gps|onLocationChanged|-1
476|2014-04-01 22:51:47|9|1396407109000|-78.7875139620155|43.0027265846729|1|173.0|1|0.3125|1|281.809997558594|1|10.0|{"satellites":9}|gps|onLocationChanged|-1
477|2014-04-01 22:51:48|9|1396407110000|-78.7875162251294|43.0027298536152|1|173.0|1|0.375|1|281.809997558594|1|10.0|{"satellites":9}|gps|onLocationChanged|-1
478|2014-04-01 22:51:49|9|1396407111000|-78.7875177338719|43.0027307756245|1|173.0|1|0.375|1|281.809997558594|1|10.0|{"satellites":9}|gps|onLocationChanged|-1
479|2014-04-01 22:51:50|9|1396407112000|-78.787507340312|43.0027232738212|1|173.0|1|0.4375|1|281.809997558594|1|10.0|{"satellites":9}|gps|onLocationChanged|-1
480|2014-04-01 22:51:51|9|1396407113000|-78.7875080946833|43.0027237348259|1|173.0|1|0.375|1|281.809997558594|1|10.0|{"satellites":9}|gps|onLocationChanged|-1
481|2014-04-01 22:51:52|9|1396407114000|-78.7875119503588|43.0027249921113|1|173.0|1|0.4375|1|281.809997558594|1|10.0|{"satellites":9}|gps|onLocationChanged|-1
482|2014-04-01 22:51:53|9|1396407115000|-78.7875173147768|43.0027279257774|1|173.0|1|0.5|1|281.809997558594|1|10.0|{"satellites":9}|gps|onLocationChanged|-1
483|2014-04-01 22:51:54|9|1396407116000|-78.787523182109|43.0027319910005|1|173.0|1|0.5625|1|281.809997558594|1|10.0|{"satellites":9}|gps|onLocationChanged|-1
